n whisker_min box_min median box_high whisker_high
1 37 50 69 70 107 
2 37 45 47 63 70 
3 43 53 57 62 72 
4 56 67 70 120 144 
5 90 97 107 133 169 
6 102 103 110 135 144 
7 121 130 131 151 3480 
8 126 132 151 184 292 
9 139 151 152 193 273 
10 173 197 216 223 276 
11 185 187 190 252 275 
12 207 211 270 322 333 
13 213 224 226 380 461 
14 236 243 330 364 392 
15 266 269 275 356 436 
16 265 269 384 445 476 
17 290 303 335 379 525 
18 318 319 324 398 535 
19 335 386 465 532 1178 
20 349 366 479 541 547 
21 381 441 512 610 619 
22 395 410 485 536 635 
23 405 421 471 645 683 
24 442 465 569 579 723 
25 443 463 495 582 586 
26 452 467 517 603 608 
27 411 470 582 625 658 
28 484 647 683 733 749 
29 488 509 697 751 756 
30 486 555 598 675 949 
31 535 621 713 861 1060 
32 532 640 721 730 1170 
33 571 746 830 917 1886 
34 557 592 749 909 3476 
35 597 636 751 786 1210 
36 623 778 784 895 1853 
37 625 669 734 887 2800 
38 627 723 739 1022 1068 
39 685 686 756 889 914 
40 739 751 909 912 987 
41 726 816 836 1048 1439 
42 738 766 925 1116 1240 
43 746 773 1037 1079 1277 
44 774 809 988 1040 1321 
45 720 771 810 1096 1289 
46 802 817 1127 1200 1247 
47 832 839 852 1177 1571 
48 880 892 992 1273 2024 
49 837 880 938 1103 1466 
50 910 937 942 1211 1420 
51 923 999 1088 1199 1669 
52 912 986 1199 1264 1568 
53 1006 1105 1241 1250 2371 
54 919 954 1091 1281 1362 
55 868 989 1276 1283 1396 
56 1035 1071 1364 1390 1884 
57 919 920 1332 1500 1562 
58 1089 1281 1353 1404 1471 
59 985 1041 1054 1328 1430 
60 1023 1030 1112 1480 1886 
61 999 1049 1151 1290 1788 
62 1169 1186 1267 1563 1716 
63 1085 1086 1198 1513 2309 
64 1083 1179 1360 1475 1563 
65 1124 1200 1271 1491 1604 
66 1161 1164 1336 1550 2367 
67 1213 1518 1703 2021 2529 
68 1326 1385 1438 1741 1797 
69 1274 1553 1725 1939 2735 
70 1293 1526 1780 2148 2917 
71 1328 1338 1559 1876 1927 
72 1222 1299 1403 1788 1988 
73 1650 1760 1808 1847 5757 
74 1247 1665 1702 1955 2123 
75 1404 1413 1537 1882 5036 
76 1389 1398 1767 1840 2497 
77 1378 1412 1580 2000 2049 
78 1336 1482 1659 1988 2048 
79 1468 1635 2083 2731 3325 
80 1399 1561 1779 2517 5181 
81 1543 1677 1920 2083 2130 
82 1476 1884 1959 1980 2253 
83 1602 1788 2021 3816 7141 
84 1619 2230 2265 2570 2601 
85 1666 1800 1828 2033 2312 
86 1652 1891 2367 3013 5916 
87 1610 1711 1875 2584 2827 
88 1627 1736 1785 2344 2972 
89 1608 1854 1943 2198 2607 
90 1761 1801 2117 2772 4370 
91 1799 2259 2406 2541 3340 
92 1684 1759 2097 2350 6933 
93 1764 2279 2620 2869 4955 
94 1769 2322 2487 2797 3098 
95 1710 2168 2219 2287 2586 
96 1838 2149 2396 2575 2621 
97 1671 1901 2194 2585 3914 
98 1675 1717 2251 2568 3634 
99 1714 1933 2079 2583 4695 
100 1864 1991 2504 2574 2985 
101 1861 2006 2204 2544 2784 
102 1938 1980 2055 2555 2826 
103 1962 2101 2257 2601 2689 
104 2049 2181 2256 2653 3654 
105 2095 2631 2976 3815 4783 
106 1961 2012 2166 2596 3043 
107 1852 2005 2480 3414 5726 
108 1970 2023 2767 2780 3387 
109 2085 2387 2948 3048 3112 
110 2052 2286 2323 2956 3412 
111 2143 2420 2437 2960 3851 
112 2203 2331 2472 2968 2980 
113 2073 2364 2831 3503 4399 
114 1947 2355 2358 3074 4012 
115 2182 2212 2714 2873 3026 
116 2205 2224 2719 2790 3548 
117 2335 2498 2636 2868 3053 
118 2252 2361 2644 2966 2982 
119 2400 2413 3102 3220 4273 
120 2611 3034 3066 3790 3798 
121 2307 2541 2804 3005 3420 
122 2318 2427 3012 3507 3552 
123 2596 3058 3102 4084 5256 
124 2277 2972 3116 3226 5257 
125 2560 2643 2866 3078 3425 
126 2679 2749 3130 3301 5031 
127 2427 3304 3463 3623 4296 
128 2448 2554 2726 3223 3932 
129 2596 2677 2976 3210 3468 
130 2724 2750 3081 3223 3684 
131 2444 2697 3320 3352 3712 
132 2561 3058 3371 3454 3800 
133 2630 2664 2792 3274 3494 
134 2759 2906 3076 3496 5916 
135 2626 2648 2750 3447 3568 
136 2620 2709 3063 3664 3776 
137 2756 3013 3083 3389 3978 
138 2853 3042 3796 4650 5384 
139 2696 2707 3249 3957 4001 
140 2725 2859 2937 3933 5573 
141 2865 3064 3402 4205 4442 
142 2952 3555 3655 3932 4279 
143 2739 3215 3301 3505 3908 
144 2819 2965 3175 3749 4200 
145 2772 2932 2984 3761 4210 
146 2755 2849 3104 3763 7730 
147 2884 3243 4034 4891 6103 
148 2931 2941 3476 4242 5388 
149 3117 3122 3764 3894 4567 
150 3168 3330 4042 4316 4457 
151 2960 3123 3262 4153 4317 
152 3086 3186 3391 4328 4680 
153 3040 3109 3764 3956 4401 
154 3027 3119 3446 4319 4843 
155 2984 3231 3288 4252 4991 
156 3477 3489 4064 4151 4731 
157 3104 3240 3343 4225 4651 
158 3243 3503 3947 4337 5239 
159 3215 3324 4274 4318 4930 
160 3350 3747 4421 4893 5989 
161 2905 3276 4230 4263 4838 
162 3449 3769 4116 4411 4468 
163 3045 3428 3501 4465 4628 
164 3352 3433 4084 4440 5503 
165 3340 3369 3625 4419 4526 
166 2976 3316 3991 4897 6906 
167 3481 3518 3759 4161 4361 
168 3489 4032 4440 4556 8188 
169 3553 3580 4389 4760 7669 
170 3564 4002 4511 4775 4889 
171 3422 3461 3473 4608 6307 
172 3556 3560 3654 5035 6557 
173 3581 3626 4403 4678 5867 
174 3620 3760 3797 4513 5041 
175 3522 3597 3631 5050 6157 
176 3542 3668 3886 4767 5123 
177 3856 4008 4463 4468 4646 
178 3948 3960 4237 4613 4799 
179 3772 4192 4483 5103 6650 
180 3751 3859 4879 5325 6303 
181 3730 4040 4095 5057 5836 
182 3637 4102 4565 5569 7422 
183 3843 3845 4441 5076 5799 
184 3829 4102 4303 4891 6787 
185 4906 5173 5930 6229 7247 
186 3727 4205 4694 5216 5319 
187 4086 4101 4237 5281 5376 
188 3784 4125 4164 5293 8552 
189 4096 4259 5504 5517 5679 
190 3921 4020 4655 4876 5031 
191 3960 4455 4765 4863 5493 
192 3956 4285 4841 4875 7260 
193 3952 3971 5029 5188 6809 
194 4022 4371 4608 5548 8037 
195 4127 4364 4454 4761 5508 
196 3898 4099 4124 5646 6456 
197 4157 4460 5115 5363 6084 
198 4026 4466 4548 5462 6957 
199 4026 4167 4228 4779 5230 
200 4071 4189 5132 5273 5573 
201 4858 4927 5247 5504 6815 
202 4162 5293 5295 6020 6556 
203 4419 4463 4496 5470 5583 
204 4369 4597 5107 5606 5629 
205 4174 4891 5411 5574 5901 
206 4227 4521 5187 5453 5935 
207 4355 4763 4980 5331 5937 
208 4617 5333 5632 5839 37321 
209 4374 4554 4755 5658 5865 
210 4480 4652 5350 5885 14340 
211 4623 4852 4882 5357 5684 
212 5054 5141 5611 5785 6752 
213 4706 4839 4860 5507 7359 
214 4203 5254 5840 5847 5949 
215 4371 4443 4466 5747 5831 
216 4549 4554 4711 6133 6832 
217 4116 4525 4582 5705 6296 
218 4481 4551 5126 5971 7926 
219 4703 5202 5228 5693 7186 
220 4477 6005 6111 7881 9299 
221 4548 4607 5619 5719 7036 
222 4315 4652 5079 6121 7193 
223 4619 6003 6206 6511 9065 
224 4672 4711 4828 5906 6421 
225 4624 4886 5678 5883 6312 
226 4623 4762 4823 6746 7282 
227 4880 4888 5627 6107 6231 
228 4496 5461 5916 6625 7114 
229 4572 5079 5662 6446 6488 
230 5556 6197 6238 6247 6886 
231 4739 4987 5829 6897 7938 
232 4753 6304 6830 7583 7777 
233 4663 4694 6707 6963 7714 
234 5031 5156 6523 7141 7676 
235 4681 5162 5946 6186 6193 
236 4896 5088 5813 6514 6603 
237 4962 5418 5606 6613 8003 
238 4644 4825 5099 6736 6930 
239 5117 5139 5287 8114 8940 
240 5040 6289 6528 6647 6651 
241 5074 5670 5718 6671 7085 
242 4964 5200 5726 6764 7049 
243 4842 4889 5173 6417 7509 
244 5202 5370 6235 6335 6550 
245 4943 6135 6283 6537 7231 
246 5200 5233 6843 7887 9240 
247 6628 6686 6697 6706 7284 
248 4899 5113 6285 6471 6532 
249 5154 5796 6331 6637 7834 
250 5082 5409 5615 6658 7956 
251 5024 5869 6719 7474 7758 
252 5166 5170 5988 6731 6750 
253 5444 5530 5594 6651 8764 
254 5044 5817 6085 6718 6729 
255 5451 6613 6768 6929 7391 
256 5557 5940 6535 6672 7351 
257 5421 5481 6143 6371 7846 
258 5663 5845 6204 6852 12134 
259 5289 5422 5458 7386 8503 
260 5230 6069 6293 6909 7963 
261 5575 5608 6344 7141 9965 
262 5164 5782 6578 8944 9353 
263 5495 5509 5889 6852 10261 
264 5928 6295 6306 7078 8539 
265 5558 5647 5648 7282 7408 
266 6339 6580 6796 7165 7622 
267 5364 5654 5755 8563 9358 
268 5659 5841 6970 8171 12231 
269 5330 6540 6636 7144 7416 
270 5754 6155 6859 7082 7808 
271 5732 5750 6737 7369 11409 
272 5773 6339 8148 8475 9002 
273 5812 6087 6940 7270 7791 
274 5462 5746 6179 7158 7973 
275 5887 6590 7127 7353 8204 
276 5626 6367 6420 6714 9042 
277 6037 6039 6154 7973 8650 
278 5617 5913 6856 7797 9060 
279 5962 6211 6296 8061 8135 
280 5738 6242 6954 7920 9495 
281 5795 5832 6393 7754 9319 
282 5992 6037 6526 6963 7852 
283 5688 6904 8450 8716 10541 
284 5776 6266 6446 6845 7993 
285 5707 5969 6071 7076 7830 
286 5985 6183 6614 6631 8084 
287 5855 5880 6046 7954 9855 
288 5968 6569 6720 7242 8595 
289 5976 6411 6664 7302 8730 
290 5764 6418 6490 7276 8229 
291 6282 6470 7174 7989 10576 
292 6489 7121 7565 7870 8303 
293 6332 6354 6938 6959 8333 
294 5978 6331 6825 6948 8101 
295 6485 6564 7127 7757 8384 
296 6061 6277 6396 8642 9725 
297 6078 6293 8300 8340 8490 
298 6289 6336 6344 7725 9873 
299 6458 6710 7060 7366 8480 
300 6328 6423 6499 7109 8732 
